54290637
54290645
54308331
54308332
54308333
54308334
54308335
54308336
54308337
54308338
54308339
54308340
54308341
54308342
54308343
54308344
54308345
54308346
54308347
54308348
54308349
54308350
54308351
54308352
54308358
54308372
54308380
54308381
54308388
54308395
54308396
54308407
54308408
54308409
54308410
54308483
54308484
54308485
54308486
54308487
54308488
54308489
54308490
54308491
54308492
54308493
54308494
54308495
54308496
54308497
54308498
54308502
54308503
54308504
54308512
54308513
54308514
54308515
54308516
54308518
54308519
54308520
54308521
54308522
54308525
54308527
54308528
54308529
54308530
54308531
54308532
54308538
54308539
54308555
54308556
54308557
54308561
54308562
54308563
54308564
54308565
54308566
54308567
54308568
54308570
54308571
54308572
54308573
54308574
54308587
54308659
54308660
54308672
54308690
54308693
54308694
54308701
54308703
54308727
54308728
54308740
54308741
54308742
54308743
54308744
54308745
54308746
54308747
54308748
54308749
54308750
54308751
54308768
54308771
54308772
54308775
54308776
54308785
54308787
54308789
54308791
54308794
54308800
54968011
54984017
54990011
54996010
55006007
55012006
55048020
55062013
55062014
55076007
55086014
55086023
55112012
55522028
56610020
56610026
201002040
201070031
201072023
201164022
201166032
201170025
